Begin Map
Begin Actor Class=LavaVolume Name=LavaVolume0
    bWaterVolume=True
    MainScale=(SheerAxis=SHEER_ZX)
    PostScale=(SheerAxis=SHEER_ZX)
    bLightChanged=True
    Level=LevelInfo'myLevel.LevelInfo0'
    Region=(Zone=LevelInfo'myLevel.LevelInfo0',iLeaf=-1)
    Tag="LavaVolume"
    Touching(0)=xFallingVolume'myLevel.xFallingVolume0'
    PhysicsVolume=LavaVolume'myLevel.LavaVolume0'
    $coredata
    Begin Brush Name=Model10
       Begin PolyList
          Begin Polygon Item=Wall Link=0
             Origin   +00212.077362,+00512.000000,-00256.000000
             Normal   +00000.707107,+00000.707107,+00000.000000
             TextureU +00000.707107,-00000.707107,+00000.000000
             TextureV +00000.000000,+00000.000000,-00001.000000
             Vertex   +00212.077362,+00512.000000,-00256.000000
             Vertex   +00212.077362,+00512.000000,+00256.000000
             Vertex   +00512.000000,+00212.077347,+00256.000000
             Vertex   +00512.000000,+00212.077347,-00256.000000
          End Polygon
          Begin Polygon Item=Wall Link=1
             Origin   +00512.000000,+00212.077347,-00256.000000
             Normal   +00001.000000,+00000.000000,+00000.000000
             TextureU +00000.000000,-00001.000000,+00000.000000
             TextureV +00000.000000,+00000.000000,-00001.000000
             Vertex   +00512.000000,+00212.077347,-00256.000000
             Vertex   +00512.000000,+00212.077347,+00256.000000
             Vertex   +00512.000000,-00212.077393,+00256.000000
             Vertex   +00512.000000,-00212.077393,-00256.000000
          End Polygon
          Begin Polygon Item=Wall Link=2
             Origin   +00512.000000,-00212.077393,-00256.000000
             Normal   +00000.707107,-00000.707107,-00000.000000
             TextureU -00000.707107,-00000.707107,+00000.000000
             TextureV -00000.000000,+00000.000000,-00001.000000
             Vertex   +00512.000000,-00212.077393,-00256.000000
             Vertex   +00512.000000,-00212.077393,+00256.000000
             Vertex   +00212.077255,-00512.000061,+00256.000000
             Vertex   +00212.077255,-00512.000061,-00256.000000
          End Polygon
          Begin Polygon Item=Wall Link=3
             Origin   +00212.077255,-00512.000061,-00256.000000
             Normal   -00000.000000,-00001.000000,+00000.000000
             TextureU -00001.000000,+00000.000000,+00000.000000
             TextureV +00000.000000,+00000.000000,-00001.000000
             Vertex   +00212.077255,-00512.000061,-00256.000000
             Vertex   +00212.077255,-00512.000061,+00256.000000
             Vertex   -00212.077347,-00512.000000,+00256.000000
             Vertex   -00212.077347,-00512.000000,-00256.000000
          End Polygon
          Begin Polygon Item=Wall Link=4
             Origin   -00212.077347,-00512.000000,-00256.000000
             Normal   -00000.707107,-00000.707107,-00000.000000
             TextureU -00000.707107,+00000.707107,+00000.000000
             TextureV +00000.000000,+00000.000000,-00001.000000
             Vertex   -00212.077347,-00512.000000,-00256.000000
             Vertex   -00212.077347,-00512.000000,+00256.000000
             Vertex   -00512.000061,-00212.077179,+00256.000000
             Vertex   -00512.000061,-00212.077179,-00256.000000
          End Polygon
          Begin Polygon Item=Wall Link=5
             Origin   -00512.000061,-00212.077179,-00256.000000
             Normal   -00001.000000,+00000.000000,+00000.000000
             TextureU +00000.000000,+00001.000000,+00000.000000
             TextureV -00000.000000,+00000.000000,-00001.000000
             Vertex   -00512.000061,-00212.077179,-00256.000000
             Vertex   -00512.000061,-00212.077179,+00256.000000
             Vertex   -00511.999969,+00212.077438,+00256.000000
             Vertex   -00511.999969,+00212.077438,-00256.000000
          End Polygon
          Begin Polygon Item=Wall Link=6
             Origin   -00511.999969,+00212.077438,-00256.000000
             Normal   -00000.707107,+00000.707107,+00000.000000
             TextureU +00000.707107,+00000.707107,+00000.000000
             TextureV -00000.000000,+00000.000000,-00001.000000
             Vertex   -00511.999969,+00212.077438,-00256.000000
             Vertex   -00511.999969,+00212.077438,+00256.000000
             Vertex   -00212.077347,+00512.000000,+00256.000000
             Vertex   -00212.077347,+00512.000000,-00256.000000
          End Polygon
          Begin Polygon Item=Wall Link=7
             Origin   -00212.077347,+00512.000000,-00256.000000
             Normal   +00000.000000,+00001.000000,+00000.000000
             TextureU +00001.000000,+00000.000000,+00000.000000
             TextureV +00000.000000,+00000.000000,-00001.000000
             Vertex   -00212.077347,+00512.000000,-00256.000000
             Vertex   -00212.077347,+00512.000000,+00256.000000
             Vertex   +00212.077362,+00512.000000,+00256.000000
             Vertex   +00212.077362,+00512.000000,-00256.000000
          End Polygon
          Begin Polygon Item=Cap Link=8
             Origin   -00212.077347,+00512.000000,+00256.000000
             Normal   +00000.000000,+00000.000000,+00001.000000
             TextureU +00000.707107,-00000.707107,+00000.000000
             TextureV +00000.707107,+00000.707107,+00000.000000
             Vertex   -00212.077347,+00512.000000,+00256.000000
             Vertex   -00511.999969,+00212.077438,+00256.000000
             Vertex   -00512.000061,-00212.077179,+00256.000000
             Vertex   -00212.077347,-00512.000000,+00256.000000
             Vertex   +00212.077255,-00512.000061,+00256.000000
             Vertex   +00512.000000,-00212.077393,+00256.000000
             Vertex   +00512.000000,+00212.077347,+00256.000000
             Vertex   +00212.077362,+00512.000000,+00256.000000
          End Polygon
          Begin Polygon Item=Cap Link=9
             Origin   +00212.077362,+00512.000000,-00256.000000
             Normal   +00000.000000,+00000.000000,-00001.000000
             TextureU -00000.707107,-00000.707107,+00000.000000
             TextureV -00000.707107,+00000.707107,+00000.000000
             Vertex   +00212.077362,+00512.000000,-00256.000000
             Vertex   +00512.000000,+00212.077347,-00256.000000
             Vertex   +00512.000000,-00212.077393,-00256.000000
             Vertex   +00212.077255,-00512.000061,-00256.000000
             Vertex   -00212.077347,-00512.000000,-00256.000000
             Vertex   -00512.000061,-00212.077179,-00256.000000
             Vertex   -00511.999969,+00212.077438,-00256.000000
             Vertex   -00212.077347,+00512.000000,-00256.000000
          End Polygon
       End PolyList
    End Brush
    Brush=Model'myLevel.Model10'
    bSelected=True
End Actor
