      Begin Actor Class=BlockingVolume Name=BlockingVolume_0 Archetype=BlockingVolume'Engine.Default__BlockingVolume'
         Begin Object Class=Polys Name=Polys_4634 ObjName=Polys_4634 Archetype=Polys'Engine.Default__Polys'
            Name="Polys_4634"
            ObjectArchetype=Polys'Engine.Default__Polys'
         End Object
         Begin Object Class=BrushComponent Name=BrushComponent0 ObjName=BrushComponent_1187 Archetype=BrushComponent'Engine.Default__BlockingVolume:BrushComponent0'
            BrushAggGeom=(ConvexElems=((VertexData=((X=-40.000008,Y=-16.568527,Z=39.999996),(X=16.568537,Y=-40.000004,Z=39.999996),(X=16.568544,Y=39.999996,Z=39.999996),(X=39.999996,Y=-16.568546,Z=-39.999996),(X=-16.568542,Y=-39.999996,Z=-39.999996),(X=-16.568542,Y=40.000004,Z=-39.999996),(X=-40.000008,Y=-16.568527,Z=-39.999996),(X=-16.568542,Y=40.000004,Z=39.999996),(X=39.999996,Y=-16.568546,Z=39.999996),(X=39.999996,Y=16.568542,Z=-39.999996),(X=-39.999996,Y=16.568550,Z=-39.999996),(X=16.568537,Y=-40.000004,Z=-39.999996),(X=-16.568542,Y=-39.999996,Z=39.999996),(X=39.999996,Y=16.568542,Z=39.999996),(X=16.568544,Y=39.999996,Z=-39.999996),(X=-39.999996,Y=16.568550,Z=39.999996)),PermutedVertexData=((W=39.999996,X=-40.000008,Y=16.568537,Z=16.568544),(W=-16.568546,X=-16.568527,Y=-40.000004,Z=39.999996),(W=-39.999996,X=39.999996,Y=39.999996,Z=39.999996),(W=-16.568542,X=-16.568542,Y=-16.568542,Z=-40.000008),(W=40.000004,X=-39.999996,Y=40.000004,Z=-16.568527),(W=39.999996,X=-39.999996,Y=-39.999996,Z=-39.999996),(W=16.568537,X=39.999996,Y=39.999996,Z=-39.999996),(W=-40.000004,X=-16.568546,Y=16.568542,Z=16.568550),(W=-39.999996,X=39.999996,Y=-39.999996,Z=-39.999996),(W=-39.999996,X=-16.568542,Y=39.999996,Z=16.568544),(W=16.568550,X=-39.999996,Y=16.568542,Z=39.999996),(W=39.999996,X=39.999996,Y=39.999996,Z=-39.999996)),FaceTriData=(12,8,1,12,13,8,12,2,13,12,7,2,12,15,7,12,0,15,11,6,4,11,10,6,11,5,10,11,14,5,11,9,14,11,3,9,6,12,4,6,0,12,7,14,2,7,5,14,8,11,1,8,3,11,13,3,8,13,9,3,15,5,7,15,10,5,10,0,6,10,15,0,11,12,1,11,4,12,13,14,9,13,2,14),EdgeDirections=((X=0.707107,Y=0.707107,Z=0.000000),(X=1.000000,Y=-0.000000,Z=0.000000),(X=0.000000,Y=1.000000,Z=0.000000),(X=-0.707107,Y=0.707107,Z=0.000000),(X=0.000000,Y=0.000000,Z=1.000000)),FaceNormalDirections=((X=-0.000000,Y=0.000000,Z=1.000000),(X=-0.707107,Y=-0.707107,Z=0.000000),(X=0.000000,Y=1.000000,Z=0.000000),(X=0.707107,Y=-0.707107,Z=0.000000),(X=1.000000,Y=0.000000,Z=0.000000)),FacePlaneData=((W=40.000000,X=-0.000000,Y=0.000000,Z=1.000000),(W=40.000000,X=0.000000,Y=0.000000,Z=-1.000000),(W=39.999996,X=-0.707107,Y=-0.707107,Z=0.000000),(W=40.000000,X=0.000000,Y=1.000000,Z=0.000000),(W=39.999996,X=0.707107,Y=-0.707107,Z=0.000000),(W=39.999996,X=1.000000,Y=0.000000,Z=0.000000),(W=40.000000,X=-0.707107,Y=0.707107,Z=0.000000),(W=40.000004,X=-1.000000,Y=0.000000,Z=0.000000),(W=40.000000,X=-0.000000,Y=-1.000000,Z=0.000000),(W=39.999996,X=0.707107,Y=0.707107,Z=0.000000)),ElemBox=(Min=(X=-40.000008,Y=-40.000004,Z=-39.999996),Max=(X=39.999996,Y=40.000004,Z=39.999996),IsValid=1))))
            Name="BrushComponent_1187"
            ObjectArchetype=BrushComponent'Engine.Default__BlockingVolume:BrushComponent0'
         End Object
         Begin Brush Name=Model_16
            Begin PolyList
               Begin Polygon Item=Wall Flags=3584 Link=0
                  Origin   +00016.568544,+00040.000000,-00040.000000
                  Normal   +00000.707107,+00000.707107,+00000.000000
                  TextureU +00000.707107,-00000.707107,+00000.000000
                  TextureV +00000.000000,+00000.000000,-00001.000000
                  Vertex   +00016.568544,+00040.000000,-00040.000000
                  Vertex   +00016.568544,+00040.000000,+00040.000000
                  Vertex   +00040.000000,+00016.568542,+00040.000000
                  Vertex   +00040.000000,+00016.568542,-00040.000000
               End Polygon
               Begin Polygon Item=Wall Flags=3584 Link=1
                  Origin   +00040.000000,+00016.568542,-00040.000000
                  Normal   +00001.000000,+00000.000000,+00000.000000
                  TextureU +00000.000000,-00001.000000,+00000.000000
                  TextureV +00000.000000,+00000.000000,-00001.000000
                  Vertex   +00040.000000,+00016.568542,-00040.000000
                  Vertex   +00040.000000,+00016.568542,+00040.000000
                  Vertex   +00040.000000,-00016.568546,+00040.000000
                  Vertex   +00040.000000,-00016.568546,-00040.000000
               End Polygon
               Begin Polygon Item=Wall Flags=3584 Link=2
                  Origin   +00040.000000,-00016.568546,-00040.000000
                  Normal   +00000.707107,-00000.707107,+00000.000000
                  TextureU -00000.707107,-00000.707107,-00000.000000
                  TextureV +00000.000000,+00000.000000,-00001.000000
                  Vertex   +00040.000000,-00016.568546,-00040.000000
                  Vertex   +00040.000000,-00016.568546,+00040.000000
                  Vertex   +00016.568537,-00040.000004,+00040.000000
                  Vertex   +00016.568537,-00040.000004,-00040.000000
               End Polygon
               Begin Polygon Item=Wall Flags=3584 Link=3
                  Origin   +00016.568537,-00040.000004,-00040.000000
                  Normal   -00000.000000,-00001.000000,+00000.000000
                  TextureU -00001.000000,+00000.000000,+00000.000000
                  TextureV -00000.000000,+00000.000000,-00001.000000
                  Vertex   +00016.568537,-00040.000004,-00040.000000
                  Vertex   +00016.568537,-00040.000004,+00040.000000
                  Vertex   -00016.568542,-00040.000000,+00040.000000
                  Vertex   -00016.568542,-00040.000000,-00040.000000
               End Polygon
               Begin Polygon Item=Wall Flags=3584 Link=4
                  Origin   -00016.568542,-00040.000000,-00040.000000
                  Normal   -00000.707107,-00000.707107,+00000.000000
                  TextureU -00000.707107,+00000.707107,+00000.000000
                  TextureV -00000.000000,+00000.000000,-00001.000000
                  Vertex   -00016.568542,-00040.000000,-00040.000000
                  Vertex   -00016.568542,-00040.000000,+00040.000000
                  Vertex   -00040.000008,-00016.568529,+00040.000000
                  Vertex   -00040.000008,-00016.568529,-00040.000000
               End Polygon
               Begin Polygon Item=Wall Flags=3584 Link=5
                  Origin   -00040.000008,-00016.568529,-00040.000000
                  Normal   -00001.000000,+00000.000000,+00000.000000
                  TextureU +00000.000000,+00001.000000,+00000.000000
                  TextureV +00000.000000,+00000.000000,-00001.000000
                  Vertex   -00040.000008,-00016.568529,-00040.000000
                  Vertex   -00040.000008,-00016.568529,+00040.000000
                  Vertex   -00039.999996,+00016.568550,+00040.000000
                  Vertex   -00039.999996,+00016.568550,-00040.000000
               End Polygon
               Begin Polygon Item=Wall Flags=3584 Link=6
                  Origin   -00039.999996,+00016.568550,-00040.000000
                  Normal   -00000.707107,+00000.707107,+00000.000000
                  TextureU +00000.707107,+00000.707107,+00000.000000
                  TextureV +00000.000000,+00000.000000,-00001.000000
                  Vertex   -00039.999996,+00016.568550,-00040.000000
                  Vertex   -00039.999996,+00016.568550,+00040.000000
                  Vertex   -00016.568542,+00040.000004,+00040.000000
                  Vertex   -00016.568542,+00040.000004,-00040.000000
               End Polygon
               Begin Polygon Item=Wall Flags=3584 Link=7
                  Origin   -00016.568542,+00040.000004,-00040.000000
                  Normal   +00000.000000,+00001.000000,+00000.000000
                  TextureU +00001.000000,-00000.000000,+00000.000000
                  TextureV +00000.000000,+00000.000000,-00001.000000
                  Vertex   -00016.568542,+00040.000004,-00040.000000
                  Vertex   -00016.568542,+00040.000004,+00040.000000
                  Vertex   +00016.568544,+00040.000000,+00040.000000
                  Vertex   +00016.568544,+00040.000000,-00040.000000
               End Polygon
               Begin Polygon Item=Cap Flags=3584 Link=8
                  Origin   -00016.568542,+00040.000004,+00040.000000
                  Normal   +00000.000000,+00000.000000,+00001.000000
                  TextureU +00000.707107,-00000.707107,+00000.000000
                  TextureV +00000.707107,+00000.707107,-00000.000000
                  Vertex   -00016.568542,+00040.000004,+00040.000000
                  Vertex   -00039.999996,+00016.568550,+00040.000000
                  Vertex   -00040.000008,-00016.568529,+00040.000000
                  Vertex   -00016.568542,-00040.000000,+00040.000000
                  Vertex   +00016.568537,-00040.000004,+00040.000000
                  Vertex   +00040.000000,-00016.568546,+00040.000000
                  Vertex   +00040.000000,+00016.568542,+00040.000000
                  Vertex   +00016.568544,+00040.000000,+00040.000000
               End Polygon
               Begin Polygon Item=Cap Flags=3584 Link=9
                  Origin   +00016.568544,+00040.000000,-00040.000000
                  Normal   +00000.000000,+00000.000000,-00001.000000
                  TextureU -00000.707107,-00000.707107,-00000.000000
                  TextureV -00000.707107,+00000.707107,+00000.000000
                  Vertex   +00016.568544,+00040.000000,-00040.000000
                  Vertex   +00040.000000,+00016.568542,-00040.000000
                  Vertex   +00040.000000,-00016.568546,-00040.000000
                  Vertex   +00016.568537,-00040.000004,-00040.000000
                  Vertex   -00016.568542,-00040.000000,-00040.000000
                  Vertex   -00040.000008,-00016.568529,-00040.000000
                  Vertex   -00039.999996,+00016.568550,-00040.000000
                  Vertex   -00016.568542,+00040.000004,-00040.000000
               End Polygon
            End PolyList
         End Brush
         Brush=Model'Model_16'
         BrushComponent=BrushComponent'BrushComponent_1187'
         Components(0)=BrushComponent'BrushComponent_1187'
         CreationTime=602.091919
	 $coredata
         CollisionComponent=BrushComponent'BrushComponent_1187'
         Name="BlockingVolume_0"
         ObjectArchetype=BlockingVolume'Engine.Default__BlockingVolume'
      End Actor